0 0.82421875 0.5015625 0.1171875 0.0421875
0 0.7859375 0.503125 0.10625 0.04375
0 0.740625 0.5046875 0.10859375 0.04375
0 0.696875 0.50625 0.11015625 0.05
0 0.6515625 0.50859375 0.11171875 0.053125
0 0.5859375 0.5109375 0.1078125 0.0546875
0 0.5234375 0.5125 0.10859375 0.05625
0 0.459375 0.51328125 0.10546875 0.059375
0 0.3796875 0.5140625 0.10625 0.0609375
0 0.2125 0.52265625 0.0921875 0.0734375
0 0.30390625 0.51875 0.1046875 0.0640625
0 0.29375 0.50234375 0.0703125 0.0421875
0 0.25546875 0.503125 0.0765625 0.040625
0 0.184375 0.50390625 0.07734375 0.0375