0 0.8578125 0.50390625 0.1921875 0.0921875
0 0.746875 0.50625 0.13359375 0.08125
0 0.64296875 0.50625 0.1 0.071875
0 0.55859375 0.5078125 0.0765625 0.07421875
0 0.4796875 0.509375 0.06171875 0.06953125
0 0.415625 0.509375 0.06171875 0.0625
0 0.359375 0.509375 0.06953125 0.05859375
0 0.309375 0.50859375 0.08515625 0.0546875
0 0.26796875 0.5078125 0.0796875 0.05078125
0 0.1859375 0.5109375 0.09140625 0.0484375
0 0.23125 0.51015625 0.08203125 0.04765625
0 0.575 0.50078125 0.078125 0.0453125
0 0.4203125 0.49921875 0.06953125 0.0359375
0 0.1078125 0.50859375 0.06796875 0.025
2 0.06171875 0.4859375 0.1 0.0375