0 0.815625 0.49609375 0.21171875 0.12109375
0 0.6625 0.49921875 0.12578125 0.09453125
0 0.5578125 0.5015625 0.08359375 0.0890625
0 0.459375 0.5015625 0.07734375 0.08125
0 0.37578125 0.503125 0.090625 0.07421875
0 0.3203125 0.50234375 0.10078125 0.0671875
0 0.265625 0.5046875 0.10234375 0.06171875
0 0.21015625 0.50390625 0.10625 0.05625
0 0.159375 0.50546875 0.1125 0.059375
0 0.1109375 0.50703125 0.1171875 0.05625
0 0.08359375 0.50703125 0.1109375 0.0515625
0 0.490625 0.50078125 0.0484375 0.02734375