0 0.5625 0.496875 0.10625 0.1
0 0.45390625 0.49609375 0.0859375 0.09765625
0 0.36875 0.4984375 0.0984375 0.07890625
0 0.29375 0.5 0.11484375 0.07421875
0 0.2359375 0.49921875 0.12265625 0.06953125
0 0.175 0.50078125 0.12734375 0.06328125
0 0.14375 0.5 0.13203125 0.05859375
0 0.1046875 0.5015625 0.125 0.05390625
0 0.0640625 0.5015625 0.125 0.05
0 0.903125 0.496875 0.11328125 0.04375
0 0.871875 0.4953125 0.10390625 0.040625
0 0.6578125 0.50078125 0.0796875 0.0375
0 0.68515625 0.503125 0.1125 0.046875