0 0.878125 0.5046875 0.18125 0.08671875
0 0.75703125 0.5046875 0.1375 0.07734375
0 0.6609375 0.50703125 0.10703125 0.078125
0 0.575 0.50859375 0.08203125 0.07421875
0 0.5015625 0.509375 0.06015625 0.065625
0 0.4328125 0.509375 0.05703125 0.0609375
0 0.37578125 0.50859375 0.075 0.05625
0 0.3296875 0.5078125 0.07109375 0.053125
0 0.2390625 0.5109375 0.0859375 0.05
0 0.2875 0.51015625 0.07421875 0.05
0 0.4671875 0.49921875 0.06953125 0.0375
0 0.13984375 0.50859375 0.06875 0.025
0 0.54140625 0.49296875 0.0640625 0.03203125