0 0.3796875 0.49296875 0.08671875 0.0875
0 0.29296875 0.49140625 0.1234375 0.08671875
0 0.23515625 0.49375 0.1265625 0.07109375
0 0.17265625 0.49453125 0.134375 0.0671875
0 0.128125 0.49375 0.13828125 0.0625
0 0.078125 0.4953125 0.13984375 0.05859375
0 0.8828125 0.4984375 0.13984375 0.0546875
0 0.85 0.49453125 0.125 0.05390625
0 0.82265625 0.4953125 0.1078125 0.04609375
0 0.7984375 0.49453125 0.10078125 0.0421875
0 0.5703125 0.49921875 0.10078125 0.04375
0 0.653125 0.49296875 0.03828125 0.015625