0 0.79140625 0.5109375 0.1421875 0.07734375
0 0.6953125 0.51171875 0.1109375 0.0703125
0 0.6125 0.51171875 0.07578125 0.06640625
0 0.5390625 0.51015625 0.0625 0.059375
0 0.4109375 0.51484375 0.06171875 0.05625
0 0.478125 0.5140625 0.05078125 0.05625
0 0.58203125 0.5 0.0703125 0.0390625
0 0.5296875 0.5 0.06875 0.03515625
0 0.50546875 0.4984375 0.0671875 0.0359375
0 0.1453125 0.51484375 0.07109375 0.03125
0 0.17734375 0.51328125 0.0640625 0.0265625
0 0.31875 0.50625 0.046875 0.02265625
0 0.23125 0.5125 0.071875 0.02734375