0 0.88125 0.496875 0.11328125 0.0453125
0 0.83828125 0.49765625 0.1140625 0.04609375
0 0.796875 0.49921875 0.11640625 0.04765625
0 0.7390625 0.5 0.12421875 0.0484375
0 0.6921875 0.50234375 0.11328125 0.05
0 0.6359375 0.503125 0.115625 0.05078125
0 0.58125 0.50625 0.1171875 0.05859375
0 0.521875 0.50859375 0.11953125 0.0625
0 0.44375 0.5109375 0.11484375 0.06328125
0 0.3640625 0.5140625 0.11484375 0.0671875
0 0.2796875 0.51484375 0.10390625 0.07109375
0 0.18046875 0.51640625 0.1078125 0.0734375
0 0.08125 0.521875 0.10390625 0.07734375
0 0.25390625 0.5015625 0.0765625 0.0453125
0 0.1609375 0.503125 0.09765625 0.046875
0 0.2046875 0.503125 0.08828125 0.04609375
0 0.121875 0.503125 0.10625 0.04609375