0 0.9390625 0.49375 0.12109375 0.04765625
0 0.88125 0.4953125 0.11953125 0.04609375
0 0.8484375 0.496875 0.11875 0.04765625
0 0.8015625 0.49765625 0.11953125 0.05
0 0.7546875 0.49921875 0.121875 0.05078125
0 0.69140625 0.5 0.128125 0.053125
0 0.63984375 0.50234375 0.1171875 0.05390625
0 0.5765625 0.503125 0.11875 0.0546875
0 0.5140625 0.50625 0.1203125 0.0640625
0 0.4453125 0.50859375 0.12265625 0.06875
0 0.3578125 0.5109375 0.11796875 0.06953125
0 0.26875 0.5140625 0.11640625 0.07421875
0 0.17109375 0.51484375 0.1 0.07890625
0 0.05859375 0.515625 0.1046875 0.08203125
0 0.134375 0.5015625 0.10546875 0.0484375