0 0.8078125 0.47265625 0.13515625 0.05625
0 0.3484375 0.49921875 0.16875 0.10234375
0 0.2375 0.4984375 0.1671875 0.1234375
0 0.06953125 0.50078125 0.1359375 0.1234375
0 0.6328125 0.5015625 0.07734375 0.0375
0 0.59453125 0.50078125 0.0703125 0.0375
0 0.5640625 0.49921875 0.06796875 0.0390625
0 0.5375 0.49921875 0.0640625 0.034375
0 0.51328125 0.49921875 0.0640625 0.03203125
0 0.471875 0.4984375 0.06015625 0.03203125
0 0.490625 0.4984375 0.06328125 0.03125
0 0.4546875 0.49921875 0.05703125 0.02734375
0 0.3828125 0.50390625 0.1046875 0.0453125