0 0.7984375 0.50859375 0.08671875 0.0359375
0 0.7546875 0.509375 0.0859375 0.0375
0 0.6796875 0.5171875 0.08828125 0.04296875
0 0.7171875 0.5140625 0.0859375 0.03828125
0 0.59453125 0.50625 0.025 0.03125
0 0.6265625 0.50625 0.03203125 0.0296875
0 0.5625 0.50703125 0.025 0.03046875
0 0.4984375 0.50859375 0.02734375 0.02734375
0 0.53046875 0.50703125 0.0265625 0.03125
0 0.16796875 0.5515625 0.1234375 0.05390625
0 0.1703125 0.54453125 0.11328125 0.0515625
0 0.2765625 0.53359375 0.09765625 0.03828125