0 0.81015625 0.5140625 0.134375 0.0734375
0 0.7109375 0.51328125 0.1078125 0.065625
0 0.5578125 0.51796875 0.05625 0.06171875
0 0.634375 0.51640625 0.084375 0.06171875
0 0.73671875 0.50078125 0.0671875 0.04375
0 0.653125 0.50078125 0.06953125 0.040625
0 0.68984375 0.5015625 0.06875 0.0421875
0 0.62109375 0.5015625 0.06875 0.03828125
0 0.590625 0.5 0.06640625 0.0375
0 0.184375 0.5203125 0.07734375 0.0328125
0 0.2125 0.51640625 0.0734375 0.0328125
0 0.2421875 0.51484375 0.06640625 0.028125
0 0.37578125 0.5078125 0.0484375 0.0234375
0 0.30078125 0.51484375 0.0734375 0.0296875