0 0.88515625 0.503125 0.184375 0.0828125
0 0.775 0.50625 0.14453125 0.084375
0 0.678125 0.5078125 0.1125 0.078125
0 0.590625 0.50859375 0.08359375 0.06953125
0 0.5171875 0.50859375 0.0625 0.0640625
0 0.4484375 0.50859375 0.06328125 0.059375
0 0.39375 0.50703125 0.0609375 0.0546875
0 0.29375 0.51015625 0.07890625 0.0515625
0 0.346875 0.509375 0.06640625 0.0515625
0 0.4875 0.4984375 0.07109375 0.0359375
0 0.0875 0.50859375 0.06796875 0.0296875
0 0.26796875 0.50234375 0.0453125 0.02265625
0 0.171875 0.50703125 0.06953125 0.0265625