0 0.8734375 0.4984375 0.11015625 0.04375
0 0.8359375 0.5 0.1125 0.0453125
0 0.78203125 0.50078125 0.1203125 0.0453125
0 0.740625 0.503125 0.11015625 0.046875
0 0.6890625 0.50390625 0.11171875 0.046875
0 0.64140625 0.50625 0.1140625 0.05390625
0 0.5890625 0.509375 0.11640625 0.0578125
0 0.51875 0.5109375 0.11171875 0.05859375
0 0.4484375 0.51328125 0.1125 0.06171875
0 0.375 0.5140625 0.10546875 0.065625
0 0.2859375 0.51484375 0.10859375 0.06640625
0 0.09140625 0.525 0.0875 0.08125
0 0.2 0.5203125 0.1046875 0.0703125
0 0.3171875 0.5015625 0.0640625 0.04296875
0 0.22890625 0.503125 0.0828125 0.0453125
0 0.2703125 0.503125 0.07421875 0.04375
0 0.18984375 0.503125 0.090625 0.04375
0 0.1484375 0.5015625 0.09609375 0.046875