0 0.9109375 0.4953125 0.12734375 0.05078125
0 0.8484375 0.496875 0.125 0.0484375
0 0.8109375 0.4984375 0.12421875 0.0515625
0 0.759375 0.4984375 0.1234375 0.05390625
0 0.70625 0.50078125 0.12578125 0.05546875
0 0.6375 0.50078125 0.13203125 0.0578125
0 0.5796875 0.503125 0.11953125 0.05859375
0 0.5078125 0.50390625 0.121875 0.0609375
0 0.4359375 0.50703125 0.1234375 0.0703125
0 0.3546875 0.509375 0.12421875 0.0765625
0 0.25859375 0.5125 0.11875 0.07734375
0 0.1546875 0.5140625 0.11640625 0.08203125
0 0.1109375 0.5 0.10859375 0.05078125